Vector X is provided by: 
 [[-2.56702509e+00 -3.01371670e+00 -3.53919045e+00 -3.43616184e+00
  -3.47480925e+00 -6.00937600e+00 -3.48841490e+00 -1.52157186e+01
   4.24209962e+00 -3.47633191e+00 -3.52406930e+00 -6.95222182e+00
   5.42052357e+00 -1.41810233e+01 -3.60044935e+00 -2.14716001e+01
  -5.65029039e+00 -3.52406634e+00 -5.90114101e-01 -6.05925200e+00
  -3.25900966e+00 -9.54377232e+00 -6.86663057e+01 -1.21741338e+00
   8.25873678e-01 -9.43724243e-01 -1.86854217e+00 -3.64372934e+00
  -3.42641078e+00 -1.99345775e+01 -1.00077371e+01 -1.72773014e+01
  -3.39515226e+00 -3.47926689e+00 -3.32343811e+00 -9.42387486e+00
  -7.34969585e+00 -2.73393171e+00 -5.24553402e+00 -7.90739058e+00
  -4.88581727e+00 -9.44273945e+00 -4.80110080e+00 -4.09848037e+00
  -4.96690961e+00 -3.58214476e+00 -2.38271094e+00 -2.51531323e+00
  -3.60859321e+00 -4.38120426e+02]
 [ 1.83898644e+01  1.73847778e+01  1.62024261e+01  1.64342475e+01
   1.63472882e+01  1.06443404e+01  1.63166746e+01 -1.00705573e+01
   3.37108586e+01  1.63438621e+01  1.62364497e+01  8.52287313e+00
   3.63623928e+01 -7.74242244e+00  1.60645894e+01 -2.41467167e+01
   1.14523075e+01  1.62364564e+01  2.28380487e+01  1.05321160e+01
   1.68328520e+01  2.69170803e+00 -1.30338018e+02  2.14265826e+01
   2.60241176e+01  2.20424018e+01  1.99614985e+01  1.59672065e+01
   1.64561880e+01 -2.06883113e+01  1.64775575e+00 -1.47092590e+01
   1.65265219e+01  1.63372582e+01  1.66878836e+01  2.96148549e+00
   7.62852951e+00  1.80143131e+01  1.23630369e+01  6.37367839e+00
   1.31724241e+01  2.91903889e+00  1.33630419e+01  1.49439857e+01
   1.29899608e+01  1.61057760e+01  1.88045838e+01  1.85062196e+01
   1.60462652e+01 -9.61634946e+02]
 [-3.34722382e+01 -3.52215355e+01 -3.72793530e+01 -3.68758808e+01
  -3.70272286e+01 -4.69528927e+01 -3.70805100e+01 -8.30060223e+01
  -6.80689815e+00 -3.70331915e+01 -3.72201368e+01 -5.06451887e+01
  -2.19205017e+00 -7.89540328e+01 -3.75192502e+01 -1.07504796e+02
  -4.55466708e+01 -3.72201252e+01 -2.57304202e+01 -4.71482130e+01
  -3.61821318e+01 -6.07940079e+01 -2.92324861e+02 -2.81869986e+01
  -2.01852441e+01 -2.71151995e+01 -3.07368962e+01 -3.76887397e+01
  -3.68376945e+01 -1.01485634e+02 -6.26109489e+01 -9.10794250e+01
  -3.67152824e+01 -3.70446853e+01 -3.64344413e+01 -6.03244752e+01
  -5.22017442e+01 -3.41258643e+01 -4.39615968e+01 -5.43857429e+01
  -4.25529034e+01 -6.03983512e+01 -4.22211436e+01 -3.94695987e+01
  -4.28704706e+01 -3.74475672e+01 -3.27504421e+01 -3.32697284e+01
  -3.75511425e+01 -1.73915102e+03]
 [ 5.36673776e+01  5.46853694e+01  5.58829024e+01  5.56481045e+01
   5.57361803e+01  6.15123536e+01  5.57671871e+01  8.24932295e+01
   3.81496626e+01  5.57396504e+01  5.58484419e+01  6.36610605e+01
   3.54640830e+01  8.01352015e+01  5.60225089e+01  9.67501259e+01
   6.06940123e+01  5.58484352e+01  4.91620788e+01  6.16260190e+01
   5.52443819e+01  6.95670974e+01  2.04304917e+02  5.05916680e+01
   4.59351009e+01  4.99679418e+01  5.20755638e+01  5.61211423e+01
   5.56258822e+01  9.32473148e+01  7.06244539e+01  8.71914918e+01
   5.55546453e+01  5.57463391e+01  5.53912117e+01  6.92938560e+01
   6.45668874e+01  5.40477509e+01  5.97715892e+01  6.58378507e+01
   5.89518095e+01  6.93368476e+01  5.87587442e+01  5.71575011e+01
   5.91366156e+01  5.59807935e+01  5.32473332e+01  5.35495284e+01
   5.60410685e+01  1.04627565e+03]
 [ 1.53709505e+01  1.77542104e+01  2.05578012e+01  2.00081066e+01
   2.02143044e+01  3.37371264e+01  2.02868954e+01  8.28562637e+01
  -2.09581701e+01  2.02224283e+01  2.04771244e+01  3.87675467e+01
  -2.72454842e+01  7.73357934e+01  2.08846394e+01  1.16233633e+02
   3.18212759e+01  2.04771086e+01  4.82342193e+00  3.40032327e+01
   1.90629362e+01  5.25943975e+01  3.68034302e+02  8.17028839e+00
  -2.73138034e+00  6.71005877e+00  1.16442939e+01  2.11155536e+01
   1.99560812e+01  1.08033067e+02  5.50698157e+01  9.38555466e+01
   1.97893058e+01  2.02380875e+01  1.94066851e+01  5.19547015e+01
   4.08882131e+01  1.62614572e+01  2.96617556e+01  4.38637144e+01
   2.77425379e+01  5.20553508e+01  2.72905451e+01  2.35418134e+01
   2.81751946e+01  2.07869778e+01  1.43875685e+01  1.50950493e+01
   2.09280897e+01  2.33920444e+03]
 [-2.74730760e+01 -3.00907975e+01 -3.31702015e+01 -3.25664288e+01
  -3.27929120e+01 -4.76460896e+01 -3.28726444e+01 -1.01597496e+02
   1.24300508e+01 -3.28018351e+01 -3.30815879e+01 -5.31713954e+01
   1.93359018e+01 -9.55339302e+01 -3.35291935e+01 -1.38258483e+02
  -4.55417606e+01 -3.30815705e+01 -1.58878968e+01 -4.79383751e+01
  -3.15282739e+01 -6.83585117e+01 -4.14830936e+02 -1.95640232e+01
  -7.58986407e+00 -1.79601383e+01 -2.33797963e+01 -3.37828248e+01
  -3.25092852e+01 -1.29251157e+02 -7.10774579e+01 -1.13678873e+02
  -3.23261027e+01 -3.28190349e+01 -3.19058403e+01 -6.76558833e+01
  -5.55006899e+01 -2.84511894e+01 -4.31697898e+01 -5.87689166e+01
  -4.10617622e+01 -6.77664344e+01 -4.05653030e+01 -3.64477765e+01
  -4.15369830e+01 -3.34219242e+01 -2.63929503e+01 -2.71700320e+01
  -3.35769185e+01 -2.57992194e+03]
 [-1.44244685e+01 -1.33224570e+01 -1.20260859e+01 -1.22802629e+01
  -1.21849177e+01 -5.93200958e+00 -1.21513518e+01  1.67805169e+01
  -3.12229336e+01 -1.21811612e+01 -1.20633906e+01 -3.60595985e+00
  -3.41301668e+01  1.42278697e+01 -1.18749570e+01  3.22141023e+01
  -6.81789248e+00 -1.20633979e+01 -1.93016108e+01 -5.80896290e+00
  -1.27173065e+01  2.78753015e+00  1.48645898e+02 -1.77540308e+01
  -2.27949264e+01 -1.84292362e+01 -1.61476622e+01 -1.17681830e+01
  -1.23043192e+01  2.84221876e+01  3.93215535e+00  2.18665489e+01
  -1.23814356e+01 -1.21739205e+01 -1.25583582e+01  2.49173686e+00
  -2.62537074e+00 -1.40127012e+01 -7.81644752e+00 -1.24950881e+00
  -8.70388745e+00  2.53827678e+00 -8.91288740e+00 -1.06462886e+01
  -8.50382844e+00 -1.19201154e+01 -1.48791811e+01 -1.45520443e+01
  -1.18548657e+01  1.06010845e+03]
 [-4.63772699e-01 -6.93909419e-01 -9.64634904e-01 -9.11554287e-01
  -9.31465536e-01 -2.23728113e+00 -9.38475206e-01 -6.98041356e+00
   3.04430663e+00 -9.32250015e-01 -9.56844445e-01 -2.72303783e+00
   3.65143381e+00 -6.44733576e+00 -9.96195655e-01 -1.02034605e+01
  -2.05227926e+00 -9.56842920e-01  5.54737149e-01 -2.26297738e+00
  -8.20285009e-01 -4.05821161e+00 -3.45182995e+01  2.31550877e-01
   1.28425785e+00  3.72556254e-01 -1.03912426e-01 -1.01849362e+00
  -9.06530518e-01 -9.41158235e+00 -4.29724749e+00 -8.04254654e+00
  -8.90426043e-01 -9.33762125e-01 -8.53478720e-01 -3.99644011e+00
  -2.92781752e+00 -5.49763437e-01 -1.84374769e+00 -3.21514334e+00
  -1.65842066e+00 -4.00615920e+00 -1.61477450e+00 -1.25278257e+00
  -1.70019965e+00 -9.86765082e-01 -3.68813558e-01 -4.37130613e-01
  -1.00039139e+00 -2.24862054e+02]] 

Residuals R is provided by: 
 [1.97235868e+08 1.82539907e+08 1.77501382e+08 1.77445638e+08
 1.77406886e+08 3.31252555e+08 1.77410291e+08 3.48192026e+09
 1.60592720e+09 1.77406826e+08 1.77461327e+08 4.67099671e+08
 2.07542546e+09 2.92507676e+09 1.77775847e+08 7.94229052e+09
 2.90724827e+08 1.77461320e+08 3.77162108e+08 3.37370842e+08
 1.78539953e+08 1.06012778e+09 1.02079264e+11 2.99768783e+08
 6.21236379e+08 3.31214683e+08 2.39395662e+08 1.78078248e+08
 1.77466732e+08 6.67249582e+09 1.20029058e+09 4.74446542e+09
 1.77565090e+08 1.77407024e+08 1.77967816e+08 1.02558558e+09
 5.37142867e+08 1.90624967e+08 2.52455948e+08 6.48193433e+08
 2.25039400e+08 1.03097472e+09 2.19485369e+08 1.86686279e+08
 2.30678242e+08 1.77674981e+08 2.06088498e+08 1.99555171e+08
 1.77825887e+08 4.53007888e+12] 

Rank is provided by: 
 8 

Singular Values is provided by: 
 [1.66268905e+05 2.84751973e+03 7.72314169e+02 4.05728441e+02
 2.95525132e+02 1.32064956e+02 9.80992733e+01 6.77738233e+01] 

